API_perc,Mannitol_perc,MCC_perc,Lactose_perc,Calcium_silicate_perc,HPMC_perc,Sodium_bicarbonate_perc,SSG_perc,CC_Na_perc,Crospovidone_perc,L_HPC_perc,Pregelatinized_starch_perc,Sodium_carboxymethyl_starch_perc,Mg_stearate_perc,Aerosil_perc,Sodium_stearyl_fumarate_perc,Colloidal_silicon_dioxide_perc,Talc_perc,X2HP_bCD_perc,bCD_perc,CD_methacrylate_perc,Amberlite_IRP_64_69_perc,Eudragit_EPO_perc,Poloxamer_188_perc,PVP_perc,SLS_perc,PVA_perc,Camphor_perc,Hardness_N,GATS7i,Thickness_mm,GGI7,MATS4p,MIC2,Punch_mm,nT12Ring,XLogP,GATS7p,nF8HeteroRing,Disintegration_time_sec
40.65,0.0,10.16,39.02,0.0,0.0,0.0,0.0,5.08,0.0,0.0,0.0,0,5.08,0.0,0.0,0.0,0.0,0.0,0.0,0.0,0.0,0.0,0.0,0.0,0.0,0.0,0.0,23.76,1.1299078533843998,4.47,0.472222222222222,-0.028345986458903998,43.36713097642821,8.0,0,3.823,1.3888940618091399,0,85.0
5.0,24.0,25.0,0.0,0.0,0.0,0.0,5.0,0.0,0.0,0.0,0.0,0,1.0,0.0,0.0,0.0,1.0,35.0,0.0,0.0,0.0,0.0,0.0,0.0,0.0,0.0,4.0,50.88,0.979914023096717,3.23,0.333368764172336,-0.030513529778592004,35.7009321967542,7.0,0,4.063,0.9305614078600921,0,46.3
4.76,11.11,27.78,47.44,0.0,0.0,0.0,0.0,0.0,0.0,0.0,0.0,0,0.56,0.0,0.0,0.0,0.0,0.0,0.0,0.0,8.35,0.0,0.0,0.0,0.0,0.0,0.0,37.0,0.9481709897409492,3.64,0.173611111111111,-0.18859346760634899,31.410415202153896,9.53,1,4.207,1.01018625900441,1,20.7
7.46,50.75,29.85,0.0,0.0,0.0,0.0,0.0,3.73,0.0,0.0,2.99,0,1.49,0.75,0.0,0.0,2.99,0.0,0.0,0.0,0.0,0.0,0.0,0.0,0.0,0.0,0.0,15.3,0.9569274447780369,1.96,0.4427083333333329,-0.048725602311990995,41.248301118872796,10.0,0,3.235,1.1996480280338,0,26.0
21.62,61.08,0.0,0.0,0.0,0.0,0.0,8.65,0.0,0.0,0.0,0.0,0,3.24,0.0,0.0,0.0,3.24,0.0,0.0,0.0,0.0,0.0,0.0,0.0,2.16,0.0,0.0,27.53,0.805527924418814,3.5,0.168402777777778,0.064274755227485,30.040778498021197,8.0,0,4.053,0.726826908442132,0,117.23
11.59,32.61,42.75,0.0,0.0,0.0,0.0,0.0,0.0,10.87,0.0,0.0,0,0.0,1.09,1.09,0.0,0.0,0.0,0.0,0.0,0.0,0.0,0.0,0.0,0.0,0.0,0.0,27.33,0.957167844789598,2.57,0.282986111111111,-0.226978704269065,37.143602367451294,5.5,0,2.923,0.9018074925984709,0,7.33
17.18,25.77,46.91,0.0,0.0,0.0,0.0,6.53,0.0,0.0,0.0,0.0,0,2.06,0.0,0.0,0.0,1.55,0.0,0.0,0.0,0.0,0.0,0.0,0.0,0.0,0.0,0.0,32.63,0.955813507964537,3.3,0.40536422902494296,-0.05623225696839499,38.2426994596718,6.0,0,4.607,0.8996217093581401,0,65.2
2.0,45.0,4.9,42.0,0.0,0.0,0.0,0.0,0.0,5.0,0.0,0.0,0,1.0,0.0,0.0,0.1,0.0,0.0,0.0,0.0,0.0,0.0,0.0,0.0,0.0,0.0,0.0,42.83,0.841191958519201,4.25,0.5955215419501129,-0.186156552223423,39.081474500079004,8.0,0,1.138,0.844419325732825,0,38.0
2.47,66.08,10.31,0.0,0.0,0.0,0.0,0.0,0.0,7.73,0.0,0.0,0,1.03,1.03,0.0,0.0,1.03,0.0,0.0,0.0,0.0,0.0,0.0,0.0,0.0,0.0,10.31,2.6,0.9676726649087579,3.16,0.21878543083900198,-0.192361735534093,33.5351036707398,6.0,0,2.574,0.9687653336446709,0,32.0
44.64,0.0,0.0,34.67,0.0,0.0,0.0,0.0,7.14,9.52,0.0,0.0,0,1.04,0.0,0.0,0.0,0.0,0.0,0.0,0.0,0.0,0.0,0.0,0.0,0.0,0.0,2.98,35.51,1.0085836677281999,3.5,0.230902777777778,0.043166370396283,33.2301541688774,10.0,0,5.517,0.962524344512523,0,51.96
3.58,28.65,59.92,0.0,0.0,0.0,0.0,0.0,2.87,0.0,0.0,0.0,0,1.07,0.0,0.0,1.04,0.0,0.0,0.0,0.0,0.0,2.87,0.0,0.0,0.0,0.0,0.0,36.7,0.0,2.7,0.0,0.128131155878558,22.1913093904883,8.0,0,3.5239999999999996,0.0,0,104.0
10.0,56.4,29.0,0.0,0.0,0.0,0.0,0.0,3.6,0.0,0.0,0.0,0,0.5,0.5,0.0,0.0,0.0,0.0,0.0,0.0,0.0,0.0,0.0,0.0,0.0,0.0,0.0,33.8,0.0,2.68,0.0,0.128131155878558,22.1913093904883,7.0,0,3.5239999999999996,0.0,0,14.0
5.78,23.7,34.51,0.0,0.0,0.0,0.0,9.1,0.0,0.0,0.0,0.0,0,0.51,0.51,0.0,0.0,0.0,25.9,0.0,0.0,0.0,0.0,0.0,0.0,0.0,0.0,0.0,33.96,1.17033030076049,3.18,0.26906179138322,0.05298465100421701,37.2783372044701,8.0,0,3.451,1.40269490173653,0,25.0
3.56,0.0,75.88,0.0,0.0,0.0,15.07,0.0,0.0,4.11,0.0,0.0,0,1.37,0.0,0.0,0.0,0.0,0.0,0.0,0.0,0.0,0.0,0.0,0.0,0.0,0.0,0.0,86.2,0.9575946334489991,3.75,0.8393920068027209,-0.07457540800046,43.422368207659396,6.42,0,10.614,1.0038493271991802,0,5.0
5.56,86.05,0.0,0.0,0.0,0.0,0.0,0.0,4.53,2.86,0.0,0.0,0,1.0,0.0,0.0,0.0,0.0,0.0,0.0,0.0,0.0,0.0,0.0,0.0,0.0,0.0,0.0,58.5,1.0534039577047198,4.01,0.529478458049887,-0.052045401149753,40.6802338954439,8.0,0,4.263,0.957490977384029,0,16.0
3.02,60.35,22.12,0.0,0.0,0.0,0.0,0.0,10.0,0.0,0.0,0.0,0,1.5,0.0,0.0,0.0,0.0,0.0,0.0,0.0,0.0,0.0,0.0,3.02,0.0,0.0,0.0,43.16,0.9461878465721509,3.65,0.309913548752835,-0.10745489492211802,44.6683719057951,15.0,0,3.457,0.9443427331923041,0,56.67
11.59,32.61,37.32,0.0,0.0,0.0,0.0,16.3,0.0,0.0,0.0,0.0,0,0.0,1.09,1.09,0.0,0.0,0.0,0.0,0.0,0.0,0.0,0.0,0.0,0.0,0.0,0.0,23.76,0.957167844789598,2.66,0.282986111111111,-0.226978704269065,37.143602367451294,5.5,0,2.923,0.9018074925984709,0,33.0
3.02,60.35,22.62,0.0,0.0,0.0,0.0,0.0,10.0,0.0,0.0,0.0,0,1.0,0.0,0.0,0.0,0.0,0.0,0.0,0.0,0.0,0.0,0.0,3.02,0.0,0.0,0.0,42.39,0.9461878465721509,3.32,0.309913548752835,-0.10745489492211802,44.6683719057951,15.0,0,3.457,0.9443427331923041,0,52.0
2.08,54.69,26.04,0.0,0.0,0.0,0.0,9.77,3.26,0.0,0.0,0.0,0,2.08,0.0,0.0,0.0,2.08,0.0,0.0,0.0,0.0,0.0,0.0,0.0,0.0,0.0,0.0,39.77,0.8956887967950191,3.4,0.206597222222222,0.000791909174244,30.484285557354198,8.0,0,1.173,0.984837068840027,0,24.37
7.51,27.98,0.0,0.0,56.34,0.0,0.0,0.0,4.13,0.0,0.0,0.0,0,0.94,0.0,0.0,0.0,0.0,0.0,0.0,0.0,0.0,0.0,0.0,3.1,0.0,0.0,0.0,35.69,1.18607147721651,5.12,0.428819444444445,-0.16715040826878302,30.3855225908032,12.0,0,5.083,1.18879196916599,0,45.0
44.64,0.0,0.0,26.93,0.0,0.0,0.0,0.0,11.9,9.52,0.0,0.0,0,1.04,0.0,0.0,0.0,0.0,0.0,0.0,0.0,0.0,0.0,0.0,0.0,0.0,0.0,5.95,40.83,1.0085836677281999,3.64,0.230902777777778,0.043166370396283,33.2301541688774,10.0,0,5.517,0.962524344512523,0,38.06
44.64,0.0,0.0,30.8,0.0,0.0,0.0,0.0,7.14,11.9,0.0,0.0,0,1.04,0.0,0.0,0.0,0.0,0.0,0.0,0.0,0.0,0.0,0.0,0.0,0.0,0.0,4.46,47.0,1.0085836677281999,3.69,0.230902777777778,0.043166370396283,33.2301541688774,10.0,0,5.517,0.962524344512523,0,33.1
7.52,26.88,0.0,0.0,56.39,0.0,0.0,0.0,4.14,0.0,0.0,0.0,0,0.94,0.0,0.0,0.0,0.0,0.0,0.0,0.0,0.0,0.0,0.0,4.14,0.0,0.0,0.0,35.69,1.18607147721651,5.18,0.428819444444445,-0.16715040826878302,30.3855225908032,12.0,0,5.083,1.18879196916599,0,25.0
67.8,12.71,5.94,0.0,0.0,0.0,0.0,3.39,0.0,0.0,0.0,0.0,0,0.34,0.0,0.0,0.0,0.51,0.0,9.31,0.0,0.0,0.0,0.0,0.0,0.0,0.0,0.0,39.06,0.883260408652163,6.5,0.261267006802721,-0.123941264581803,35.604857704931504,16.0,0,3.654,1.00047846754776,0,49.33
