API_perc	Mannitol_perc	MCC_perc	Lactose_perc	Calcium_silicate_perc	HPMC_perc	Sodium_bicarbonate_perc	SSG_perc	CC_Na_perc	Crospovidone_perc	L_HPC_perc	Pregelatinized_starch_perc	Sodium_carboxymethyl_starch_perc	Mg_stearate_perc	Aerosil_perc	Sodium_stearyl_fumarate_perc	Colloidal_silicon_dioxide_perc	Talc_perc	X2HP_bCD_perc	bCD_perc	CD_methacrylate_perc	Amberlite_IRP_64_69_perc	Eudragit_EPO_perc	Poloxamer_188_perc	PVP_perc	SLS_perc	PVA_perc	Camphor_perc	Hardness_N	GATS7i	Thickness_mm	GGI7	MATS4p	MIC2	Punch_mm	nT12Ring	XLogP	GATS7p	nF8HeteroRing	Disintegration_time_sec
21.62	58.92	0.0	0.0	0.0	0.0	0.0	10.81	0.0	0.0	0.0	0.0	0	3.24	0.0	0.0	0.0	3.24	0.0	0.0	0.0	0.0	0.0	0.0	0.0	2.16	0.0	0.0	28.55	0.805527924418814	3.5	0.168402777777778	0.064274755227485	30.040778498021197	8.0	0	4.053	0.726826908442132	0	113.09
2.47	63.51	10.31	0.0	0.0	0.0	0.0	0.0	0.0	10.31	0.0	0.0	0	1.03	1.03	0.0	0.0	1.03	0.0	0.0	0.0	0.0	0.0	0.0	0.0	0.0	0.0	10.31	2.4	0.9676726649087579	3.11	0.21878543083900198	-0.192361735534093	33.5351036707398	6.0	0	2.574	0.9687653336446709	0	29.0
11.11	31.25	50.35	0.0	0.0	0.0	0.0	0.0	0.0	0.0	5.21	0.0	0	0.0	1.04	1.04	0.0	0.0	0.0	0.0	0.0	0.0	0.0	0.0	0.0	0.0	0.0	0.0	25.9	0.957167844789598	2.54	0.282986111111111	-0.226978704269065	37.143602367451294	5.5	0	2.923	0.9018074925984709	0	21.17
67.8	12.71	4.24	0.0	0.0	0.0	0.0	5.08	0.0	0.0	0.0	0.0	0	0.34	0.0	0.0	0.0	0.51	0.0	9.31	0.0	0.0	0.0	0.0	0.0	0.0	0.0	0.0	39.06	0.883260408652163	6.5	0.261267006802721	-0.123941264581803	35.604857704931504	16.0	0	3.654	1.00047846754776	0	55.66
7.52	28.95	0.0	0.0	56.39	0.0	0.0	3.1	0.0	0.0	0.0	0.0	0	0.94	0.0	0.0	0.0	0.0	0.0	0.0	0.0	0.0	0.0	0.0	3.1	0.0	0.0	0.0	35.69	1.18607147721651	5.14	0.428819444444445	-0.16715040826878302	30.3855225908032	12.0	0	5.083	1.18879196916599	0	35.0
44.64	0.0	0.0	30.8	0.0	0.0	0.0	0.0	11.9	7.14	0.0	0.0	0	1.04	0.0	0.0	0.0	0.0	0.0	0.0	0.0	0.0	0.0	0.0	0.0	0.0	0.0	4.46	36.87	1.0085836677281999	3.62	0.230902777777778	0.043166370396283	33.2301541688774	10.0	0	5.517	0.962524344512523	0	43.16
17.18	25.77	51.37	0.0	0.0	0.0	0.0	0.0	2.06	0.0	0.0	0.0	0	2.06	0.0	0.0	0.0	1.55	0.0	0.0	0.0	0.0	0.0	0.0	0.0	0.0	0.0	0.0	28.55	0.955813507964537	3.3	0.40536422902494296	-0.05623225696839499	38.2426994596718	6.0	0	4.607	0.8996217093581401	0	67.1
2.0	35.0	2.45	54.5	0.0	0.0	0.0	0.0	0.0	5.0	0.0	0.0	0	1.0	0.0	0.0	0.05	0.0	0.0	0.0	0.0	0.0	0.0	0.0	0.0	0.0	0.0	0.0	34.67	0.841191958519201	4.2	0.5955215419501129	-0.186156552223423	39.081474500079004	8.0	0	1.138	0.844419325732825	0	42.0
2.08	54.69	26.04	0.0	0.0	0.0	0.0	11.72	1.3	0.0	0.0	0.0	0	2.08	0.0	0.0	0.0	2.08	0.0	0.0	0.0	0.0	0.0	0.0	0.0	0.0	0.0	0.0	41.81	0.8956887967950191	3.3	0.206597222222222	0.000791909174244	30.484285557354198	8.0	0	1.173	0.984837068840027	0	26.92
44.64	0.0	0.0	30.8	0.0	0.0	0.0	0.0	9.52	9.52	0.0	0.0	0	1.04	0.0	0.0	0.0	0.0	0.0	0.0	0.0	0.0	0.0	0.0	0.0	0.0	0.0	4.46	35.57	1.0085836677281999	3.54	0.230902777777778	0.043166370396283	33.2301541688774	10.0	0	5.517	0.962524344512523	0	35.16
7.46	49.25	29.85	0.0	0.0	0.0	0.0	0.0	3.73	0.0	0.0	4.48	0	1.49	0.75	0.0	0.0	2.99	0.0	0.0	0.0	0.0	0.0	0.0	0.0	0.0	0.0	0.0	15.3	0.9569274447780369	1.86	0.4427083333333329	-0.048725602311990995	41.248301118872796	10.0	0	3.235	1.1996480280338	0	28.0
11.59	32.61	37.32	0.0	0.0	0.0	0.0	0.0	0.0	16.3	0.0	0.0	0	0.0	1.09	1.09	0.0	0.0	0.0	0.0	0.0	0.0	0.0	0.0	0.0	0.0	0.0	0.0	26.41	0.957167844789598	2.77	0.282986111111111	-0.226978704269065	37.143602367451294	5.5	0	2.923	0.9018074925984709	0	6.0
3.02	60.35	27.12	0.0	0.0	0.0	0.0	0.0	5.0	0.0	0.0	0.0	0	1.5	0.0	0.0	0.0	0.0	0.0	0.0	0.0	0.0	0.0	0.0	3.02	0.0	0.0	0.0	44.74	0.9461878465721509	3.69	0.309913548752835	-0.10745489492211802	44.6683719057951	15.0	0	3.457	0.9443427331923041	0	34.66
5.78	23.7	33.5	0.0	0.0	0.0	0.0	10.12	0.0	0.0	0.0	0.0	0	0.51	0.51	0.0	0.0	0.0	25.9	0.0	0.0	0.0	0.0	0.0	0.0	0.0	0.0	0.0	33.24	1.17033030076049	3.34	0.26906179138322	0.05298465100421701	37.2783372044701	8.0	0	3.451	1.40269490173653	0	20.0
5.56	85.92	0.0	0.0	0.0	0.0	0.0	0.0	7.52	0.0	0.0	0.0	0	1.0	0.0	0.0	0.0	0.0	0.0	0.0	0.0	0.0	0.0	0.0	0.0	0.0	0.0	0.0	65.0	1.0534039577047198	4.01	0.529478458049887	-0.052045401149753	40.6802338954439	8.0	0	4.263	0.957490977384029	0	25.0
3.56	0.0	82.05	0.0	0.0	0.0	10.96	0.0	0.0	2.05	0.0	0.0	0	1.37	0.0	0.0	0.0	0.0	0.0	0.0	0.0	0.0	0.0	0.0	0.0	0.0	0.0	0.0	82.86	0.9575946334489991	3.77	0.8393920068027209	-0.07457540800046	43.422368207659396	6.42	0	10.614	1.0038493271991802	0	14.0
2.5	71.6	17.9	0.0	0.0	0.0	0.0	0.0	2.0	0.0	0.0	0.0	0	1.0	0.0	0.0	0.0	0.0	0.0	0.0	0.0	0.0	0.0	5.0	0.0	0.0	0.0	0.0	29.57	0.9874295776162091	2.1	0.7361111111111109	-0.000646162022205	34.236448440109804	10.0	0	4.775	0.99127562605709	0	4.98
10.0	47.0	38.0	0.0	0.0	0.0	0.0	0.0	3.0	0.0	0.0	0.0	0	1.0	1.0	0.0	0.0	0.0	0.0	0.0	0.0	0.0	0.0	0.0	0.0	0.0	0.0	0.0	37.4	0.0	2.69	0.0	0.128131155878558	22.1913093904883	7.0	0	3.5239999999999996	0.0	0	21.0
4.0	66.4	16.6	0.0	0.0	0.0	0.0	0.0	0.0	0.0	11.0	0.0	0	1.0	0.0	0.0	0.0	0.0	0.0	0.0	0.0	1.0	0.0	0.0	0.0	0.0	0.0	0.0	15.3	1.12193996140796	3.44	0.3541666666666671	0.021709679327947	35.8442499115687	6.0	0	3.545	0.9647277668344709	0	43.15
40.65	0.0	12.2	38.01	0.0	0.0	0.0	0.0	4.07	0.0	0.0	0.0	0	5.08	0.0	0.0	0.0	0.0	0.0	0.0	0.0	0.0	0.0	0.0	0.0	0.0	0.0	0.0	22.13	1.1299078533843998	4.19	0.472222222222222	-0.028345986458903998	43.36713097642821	8.0	0	3.823	1.3888940618091399	0	56.0
3.02	60.35	23.12	0.0	0.0	0.0	0.0	0.0	10.0	0.0	0.0	0.0	0	0.5	0.0	0.0	0.0	0.0	0.0	0.0	0.0	0.0	0.0	0.0	3.02	0.0	0.0	0.0	30.79	0.9461878465721509	3.21	0.309913548752835	-0.10745489492211802	44.6683719057951	15.0	0	3.457	0.9443427331923041	0	33.3
4.76	11.11	27.78	47.44	0.0	0.0	0.0	0.0	0.0	0.0	0.0	0.0	0	0.56	0.0	0.0	0.0	0.0	0.0	0.0	0.0	8.35	0.0	0.0	0.0	0.0	0.0	0.0	40.0	0.9481709897409492	3.56	0.173611111111111	-0.18859346760634899	31.410415202153896	9.53	1	4.207	1.01018625900441	1	13.8
3.58	42.98	42.73	0.0	0.0	0.0	0.0	0.0	4.3	0.0	0.0	0.0	0	1.07	0.0	0.0	1.04	0.0	0.0	0.0	0.0	0.0	4.3	0.0	0.0	0.0	0.0	0.0	27.5	0.0	2.75	0.0	0.128131155878558	22.1913093904883	8.0	0	3.5239999999999996	0.0	0	140.0
40.65	0.0	10.16	40.04	0.0	0.0	0.0	0.0	4.07	0.0	0.0	0.0	0	5.08	0.0	0.0	0.0	0.0	0.0	0.0	0.0	0.0	0.0	0.0	0.0	0.0	0.0	0.0	22.13	1.1299078533843998	4.33	0.472222222222222	-0.028345986458903998	43.36713097642821	8.0	0	3.823	1.3888940618091399	0	63.0
