API_perc,Mannitol_perc,MCC_perc,Lactose_perc,Calcium_silicate_perc,HPMC_perc,Sodium_bicarbonate_perc,SSG_perc,CC_Na_perc,Crospovidone_perc,L_HPC_perc,Pregelatinized_starch_perc,Sodium_carboxymethyl_starch_perc,Mg_stearate_perc,Aerosil_perc,Sodium_stearyl_fumarate_perc,Colloidal_silicon_dioxide_perc,Talc_perc,X2HP_bCD_perc,bCD_perc,CD_methacrylate_perc,Amberlite_IRP_64_69_perc,Eudragit_EPO_perc,Poloxamer_188_perc,PVP_perc,SLS_perc,PVA_perc,Camphor_perc,Hardness_N,GATS7i,Thickness_mm,GGI7,MATS4p,MIC2,Punch_mm,nT12Ring,XLogP,GATS7p,nF8HeteroRing,Disintegration_time_sec
44.64,0.0,0.0,31.7,0.0,0.0,0.0,0.0,7.14,9.52,0.0,0.0,0,1.04,0.0,0.0,0.0,0.0,0.0,0.0,0.0,0.0,0.0,0.0,0.0,0.0,0.0,5.95,37.92,1.0085836677281999,3.57,0.230902777777778,0.043166370396283,33.2301541688774,10.0,0,5.517,0.962524344512523,0,38.96
5.56,86.05,0.0,0.0,0.0,0.0,0.0,0.0,4.53,2.86,0.0,0.0,0,1.0,0.0,0.0,0.0,0.0,0.0,0.0,0.0,0.0,0.0,0.0,0.0,0.0,0.0,0.0,46.7,1.0534039577047198,4.02,0.529478458049887,-0.052045401149753,40.6802338954439,8.0,0,4.263,0.957490977384029,0,18.0
2.08,54.69,26.04,0.0,0.0,0.0,0.0,6.51,6.51,0.0,0.0,0.0,0,2.08,0.0,0.0,0.0,2.08,0.0,0.0,0.0,0.0,0.0,0.0,0.0,0.0,0.0,0.0,39.77,0.8956887967950191,3.3,0.206597222222222,0.000791909174244,30.484285557354198,8.0,0,1.173,0.984837068840027,0,19.28
2.0,35.0,7.35,49.5,0.0,0.0,0.0,0.0,0.0,5.0,0.0,0.0,0,1.0,0.0,0.0,0.15,0.0,0.0,0.0,0.0,0.0,0.0,0.0,0.0,0.0,0.0,0.0,46.91,0.841191958519201,4.2,0.5955215419501129,-0.186156552223423,39.081474500079004,8.0,0,1.138,0.844419325732825,0,34.0
2.47,68.66,10.31,0.0,0.0,0.0,0.0,0.0,0.0,5.15,0.0,0.0,0,1.03,1.03,0.0,0.0,1.03,0.0,0.0,0.0,0.0,0.0,0.0,0.0,0.0,0.0,10.31,2.9,0.9676726649087579,3.17,0.21878543083900198,-0.192361735534093,33.5351036707398,6.0,0,2.574,0.9687653336446709,0,30.0
40.65,0.0,12.2,39.02,0.0,0.0,0.0,0.0,3.05,0.0,0.0,0.0,0,5.08,0.0,0.0,0.0,0.0,0.0,0.0,0.0,0.0,0.0,0.0,0.0,0.0,0.0,0.0,22.13,1.1299078533843998,4.1,0.472222222222222,-0.028345986458903998,43.36713097642821,8.0,0,3.823,1.3888940618091399,0,96.0
7.52,28.95,0.0,0.0,56.39,0.0,0.0,0.0,3.1,0.0,0.0,0.0,0,0.94,0.0,0.0,0.0,0.0,0.0,0.0,0.0,0.0,0.0,0.0,3.1,0.0,0.0,0.0,35.69,1.18607147721651,5.12,0.428819444444445,-0.16715040826878302,30.3855225908032,12.0,0,5.083,1.18879196916599,0,24.0
3.56,0.0,84.1,0.0,0.0,0.0,6.85,0.0,0.0,4.11,0.0,0.0,0,1.37,0.0,0.0,0.0,0.0,0.0,0.0,0.0,0.0,0.0,0.0,0.0,0.0,0.0,0.0,100.81,0.9575946334489991,3.74,0.8393920068027209,-0.07457540800046,43.422368207659396,6.42,0,10.614,1.0038493271991802,0,22.0
17.18,25.77,46.91,0.0,0.0,0.0,0.0,0.0,0.0,6.53,0.0,0.0,0,2.06,0.0,0.0,0.0,1.55,0.0,0.0,0.0,0.0,0.0,0.0,0.0,0.0,0.0,0.0,31.61,0.955813507964537,3.2,0.40536422902494296,-0.05623225696839499,38.2426994596718,6.0,0,4.607,0.8996217093581401,0,18.9
44.64,0.0,0.0,35.57,0.0,0.0,0.0,0.0,7.14,7.14,0.0,0.0,0,1.04,0.0,0.0,0.0,0.0,0.0,0.0,0.0,0.0,0.0,0.0,0.0,0.0,0.0,4.46,45.81,1.0085836677281999,3.67,0.230902777777778,0.043166370396283,33.2301541688774,10.0,0,5.517,0.962524344512523,0,41.4
21.62,63.24,0.0,0.0,0.0,0.0,0.0,6.49,0.0,0.0,0.0,0.0,0,3.24,0.0,0.0,0.0,3.24,0.0,0.0,0.0,0.0,0.0,0.0,0.0,2.16,0.0,0.0,29.57,0.805527924418814,3.4,0.168402777777778,0.064274755227485,30.040778498021197,8.0,0,4.053,0.726826908442132,0,121.22
3.02,60.35,28.12,0.0,0.0,0.0,0.0,0.0,5.0,0.0,0.0,0.0,0,0.5,0.0,0.0,0.0,0.0,0.0,0.0,0.0,0.0,0.0,0.0,3.02,0.0,0.0,0.0,43.93,0.9461878465721509,3.58,0.309913548752835,-0.10745489492211802,44.6683719057951,15.0,0,3.457,0.9443427331923041,0,25.83
3.58,14.33,74.25,0.0,0.0,0.0,0.0,0.0,2.87,0.0,0.0,0.0,0,1.07,0.0,0.0,1.04,0.0,0.0,0.0,0.0,0.0,2.87,0.0,0.0,0.0,0.0,0.0,34.7,0.0,2.75,0.0,0.128131155878558,22.1913093904883,8.0,0,3.5239999999999996,0.0,0,118.0
2.5,72.4,18.1,0.0,0.0,0.0,0.0,0.0,1.0,0.0,0.0,0.0,0,1.0,0.0,0.0,0.0,0.0,0.0,0.0,0.0,0.0,0.0,5.0,0.0,0.0,0.0,0.0,50.99,0.9874295776162091,2.2,0.7361111111111109,-0.000646162022205,34.236448440109804,10.0,0,4.775,0.99127562605709,0,63.72
67.8,12.71,4.24,0.0,0.0,0.0,0.0,0.0,0.0,5.08,0.0,0.0,0,0.34,0.0,0.0,0.0,0.51,0.0,9.31,0.0,0.0,0.0,0.0,0.0,0.0,0.0,0.0,37.32,0.883260408652163,6.5,0.261267006802721,-0.123941264581803,35.604857704931504,16.0,0,3.654,1.00047846754776,0,24.66
11.59,32.61,42.75,0.0,0.0,0.0,0.0,10.87,0.0,0.0,0.0,0.0,0,0.0,1.09,1.09,0.0,0.0,0.0,0.0,0.0,0.0,0.0,0.0,0.0,0.0,0.0,0.0,24.58,0.957167844789598,2.67,0.282986111111111,-0.226978704269065,37.143602367451294,5.5,0,2.923,0.9018074925984709,0,26.0
4.17,11.11,22.22,56.39,0.0,0.0,0.0,0.0,0.0,5.56,0.0,0.0,0,0.56,0.0,0.0,0.0,0.0,0.0,0.0,0.0,0.0,0.0,0.0,0.0,0.0,0.0,0.0,27.0,0.9475840411966379,2.03,0.41755243764172295,-0.166657824280034,48.3662972424578,9.58,0,2.8289999999999997,1.1895846198599098,0,46.17
17.18,25.77,49.83,0.0,0.0,0.0,0.0,3.61,0.0,0.0,0.0,0.0,0,2.06,0.0,0.0,0.0,1.55,0.0,0.0,0.0,0.0,0.0,0.0,0.0,0.0,0.0,0.0,31.61,0.955813507964537,3.2,0.40536422902494296,-0.05623225696839499,38.2426994596718,6.0,0,4.607,0.8996217093581401,0,68.5
1.0,36.0,25.0,36.0,0.0,0.0,0.0,0.0,0.0,0.0,0.0,0.0,0,2.0,0.0,0.0,0.0,0.0,0.0,0.0,0.0,0.0,0.0,0.0,0.0,0.0,0.0,0.0,46.48,0.9014313302723691,3.98,0.310763888888889,-0.065887440942106,43.1030000826016,10.0,0,2.592,1.03554319861572,0,34.83
10.0,65.8,19.0,0.0,0.0,0.0,0.0,0.0,4.2,0.0,0.0,0.0,0,0.5,0.5,0.0,0.0,0.0,0.0,0.0,0.0,0.0,0.0,0.0,0.0,0.0,0.0,0.0,29.9,0.0,2.92,0.0,0.128131155878558,22.1913093904883,7.0,0,3.5239999999999996,0.0,0,16.0
3.98,67.63,0.0,0.0,0.0,0.0,0.0,0.0,11.13,0.0,0.0,0.0,0,0.0,0.0,1.19,0.0,0.0,0.0,0.0,0.0,8.12,0.0,7.95,0.0,0.0,0.0,0.0,53.03,0.9511399680228392,4.08,0.297760770975057,-0.08977948538980901,34.0299644857176,9.5,0,4.803999999999999,0.966471996491307,0,76.3
7.46,52.24,29.85,0.0,0.0,0.0,0.0,0.0,3.73,0.0,0.0,1.49,0,1.49,0.75,0.0,0.0,2.99,0.0,0.0,0.0,0.0,0.0,0.0,0.0,0.0,0.0,0.0,15.3,0.9569274447780369,2.06,0.4427083333333329,-0.048725602311990995,41.248301118872796,10.0,0,3.235,1.1996480280338,0,44.0
3.02,60.35,23.12,0.0,0.0,0.0,0.0,0.0,10.0,0.0,0.0,0.0,0,0.5,0.0,0.0,0.0,0.0,0.0,0.0,0.0,0.0,0.0,0.0,3.02,0.0,0.0,0.0,48.48,0.9461878465721509,3.36,0.309913548752835,-0.10745489492211802,44.6683719057951,15.0,0,3.457,0.9443427331923041,0,45.0
7.53,25.78,0.0,0.0,56.44,0.0,0.0,0.0,5.17,0.0,0.0,0.0,0,0.94,0.0,0.0,0.0,0.0,0.0,0.0,0.0,0.0,0.0,0.0,4.14,0.0,0.0,0.0,35.69,1.18607147721651,5.16,0.428819444444445,-0.16715040826878302,30.3855225908032,12.0,0,5.083,1.18879196916599,0,72.0
5.0,30.0,20.0,0.0,0.0,0.0,0.0,4.0,0.0,0.0,0.0,0.0,0,1.0,0.0,0.0,0.0,1.0,35.0,0.0,0.0,0.0,0.0,0.0,0.0,0.0,0.0,4.0,46.09,0.979914023096717,3.23,0.333368764172336,-0.030513529778592004,35.7009321967542,7.0,0,4.063,0.9305614078600921,0,51.0
