API_perc,Mannitol_perc,MCC_perc,Lactose_perc,Calcium_silicate_perc,HPMC_perc,Sodium_bicarbonate_perc,SSG_perc,CC_Na_perc,Crospovidone_perc,L_HPC_perc,Pregelatinized_starch_perc,Sodium_carboxymethyl_starch_perc,Mg_stearate_perc,Aerosil_perc,Sodium_stearyl_fumarate_perc,Colloidal_silicon_dioxide_perc,Talc_perc,X2HP_bCD_perc,bCD_perc,CD_methacrylate_perc,Amberlite_IRP_64_69_perc,Eudragit_EPO_perc,Poloxamer_188_perc,PVP_perc,SLS_perc,PVA_perc,Camphor_perc,Hardness_N,GATS7i,Thickness_mm,GGI7,MATS4p,MIC2,Punch_mm,nT12Ring,XLogP,GATS7p,nF8HeteroRing,Disintegration_time_sec
5.78,23.7,39.57,0.0,0.0,0.0,0.0,0.0,0.0,4.05,0.0,0.0,0,0.51,0.51,0.0,0.0,0.0,25.9,0.0,0.0,0.0,0.0,0.0,0.0,0.0,0.0,0.0,34.87,1.17033030076049,3.14,0.26906179138322,0.05298465100421701,37.2783372044701,8.0,0,3.451,1.40269490173653,0,26.0
3.58,28.65,58.49,0.0,0.0,0.0,0.0,0.0,4.3,0.0,0.0,0.0,0,1.07,0.0,0.0,1.04,0.0,0.0,0.0,0.0,0.0,2.87,0.0,0.0,0.0,0.0,0.0,34.7,0.0,2.7,0.0,0.128131155878558,22.1913093904883,8.0,0,3.5239999999999996,0.0,0,84.0
2.0,45.0,4.9,32.0,0.0,0.0,0.0,0.0,0.0,15.0,0.0,0.0,0,1.0,0.0,0.0,0.1,0.0,0.0,0.0,0.0,0.0,0.0,0.0,0.0,0.0,0.0,0.0,71.38,0.841191958519201,4.37,0.5955215419501129,-0.186156552223423,39.081474500079004,8.0,0,1.138,0.844419325732825,0,34.0
7.46,52.24,29.85,0.0,0.0,0.0,0.0,1.49,3.73,0.0,0.0,0.0,0,1.49,0.75,0.0,0.0,2.99,0.0,0.0,0.0,0.0,0.0,0.0,0.0,0.0,0.0,0.0,15.3,0.9569274447780369,1.98,0.4427083333333329,-0.048725602311990995,41.248301118872796,10.0,0,3.235,1.1996480280338,0,20.0
2.0,25.0,7.35,54.5,0.0,0.0,0.0,0.0,0.0,10.0,0.0,0.0,0,1.0,0.0,0.0,0.15,0.0,0.0,0.0,0.0,0.0,0.0,0.0,0.0,0.0,0.0,0.0,52.01,0.841191958519201,4.24,0.5955215419501129,-0.186156552223423,39.081474500079004,8.0,0,1.138,0.844419325732825,0,31.0
44.64,0.0,0.0,31.7,0.0,0.0,0.0,0.0,9.52,7.14,0.0,0.0,0,1.04,0.0,0.0,0.0,0.0,0.0,0.0,0.0,0.0,0.0,0.0,0.0,0.0,0.0,5.95,35.46,1.0085836677281999,3.62,0.230902777777778,0.043166370396283,33.2301541688774,10.0,0,5.517,0.962524344512523,0,40.53
10.46,29.41,43.46,0.0,0.0,0.0,0.0,0.0,0.0,0.0,14.71,0.0,0,0.0,0.98,0.98,0.0,0.0,0.0,0.0,0.0,0.0,0.0,0.0,0.0,0.0,0.0,0.0,27.94,0.957167844789598,2.7,0.282986111111111,-0.226978704269065,37.143602367451294,5.5,0,2.923,0.9018074925984709,0,15.67
2.08,54.69,26.04,0.0,0.0,0.0,0.0,1.3,11.72,0.0,0.0,0.0,0,2.08,0.0,0.0,0.0,2.08,0.0,0.0,0.0,0.0,0.0,0.0,0.0,0.0,0.0,0.0,44.87,0.8956887967950191,3.33,0.206597222222222,0.000791909174244,30.484285557354198,8.0,0,1.173,0.984837068840027,0,31.92
11.59,32.61,42.75,0.0,0.0,0.0,0.0,0.0,0.0,10.87,0.0,0.0,0,0.0,1.09,1.09,0.0,0.0,0.0,0.0,0.0,0.0,0.0,0.0,0.0,0.0,0.0,0.0,26.82,0.957167844789598,2.5,0.282986111111111,-0.226978704269065,37.143602367451294,5.5,0,2.923,0.9018074925984709,0,5.83
3.58,60.85,0.0,0.0,0.0,0.0,0.0,0.0,20.03,0.0,0.0,0.0,0,0.0,0.0,1.07,0.0,0.0,0.0,0.0,0.0,7.31,0.0,7.15,0.0,0.0,0.0,0.0,54.04,0.9511399680228392,4.09,0.297760770975057,-0.08977948538980901,34.0299644857176,9.5,0,4.803999999999999,0.966471996491307,0,69.9
5.0,26.0,25.0,0.0,0.0,0.0,0.0,4.0,0.0,0.0,0.0,0.0,0,1.0,0.0,0.0,0.0,1.0,35.0,0.0,0.0,0.0,0.0,0.0,0.0,0.0,0.0,3.0,53.13,0.979914023096717,3.22,0.333368764172336,-0.030513529778592004,35.7009321967542,7.0,0,4.063,0.9305614078600921,0,67.0
3.02,60.35,17.62,0.0,0.0,0.0,0.0,0.0,15.0,0.0,0.0,0.0,0,1.0,0.0,0.0,0.0,0.0,0.0,0.0,0.0,0.0,0.0,0.0,3.02,0.0,0.0,0.0,38.82,0.9461878465721509,3.26,0.309913548752835,-0.10745489492211802,44.6683719057951,15.0,0,3.457,0.9443427331923041,0,34.66
3.99,15.97,39.94,0.0,0.0,0.0,0.0,0.0,31.95,0.0,0.0,0.0,0,0.0,0.0,0.0,0.0,0.16,0.0,0.0,0.0,0.0,0.0,0.0,7.99,0.0,0.0,0.0,46.13,0.982041015756101,2.3,0.6536635487528349,-0.073779966329828,42.306139522992204,9.0,0,2.233,1.00373850875749,0,14.16
40.65,0.0,12.2,36.99,0.0,0.0,0.0,0.0,5.08,0.0,0.0,0.0,0,5.08,0.0,0.0,0.0,0.0,0.0,0.0,0.0,0.0,0.0,0.0,0.0,0.0,0.0,0.0,22.13,1.1299078533843998,4.01,0.472222222222222,-0.028345986458903998,43.36713097642821,8.0,0,3.823,1.3888940618091399,0,67.0
5.56,81.4,0.0,0.0,0.0,0.0,0.0,0.0,0.0,7.52,0.0,0.0,0,1.0,0.0,0.0,0.0,0.0,0.0,0.0,0.0,0.0,0.0,0.0,0.0,0.0,4.52,0.0,53.5,1.0534039577047198,4.04,0.529478458049887,-0.052045401149753,40.6802338954439,8.0,0,4.263,0.957490977384029,0,13.0
21.62,63.24,0.0,0.0,0.0,0.0,0.0,0.0,6.49,0.0,0.0,0.0,0,3.24,0.0,0.0,0.0,3.24,0.0,0.0,0.0,0.0,0.0,0.0,0.0,2.16,0.0,0.0,29.57,0.805527924418814,3.4,0.168402777777778,0.064274755227485,30.040778498021197,8.0,0,4.053,0.726826908442132,0,117.2
5.0,30.0,20.0,0.0,0.0,0.0,0.0,5.0,0.0,0.0,0.0,0.0,0,1.0,0.0,0.0,0.0,1.0,35.0,0.0,0.0,0.0,0.0,0.0,0.0,0.0,0.0,3.0,48.84,0.979914023096717,3.26,0.333368764172336,-0.030513529778592004,35.7009321967542,7.0,0,4.063,0.9305614078600921,0,58.0
4.45,0.0,79.11,0.0,0.0,0.0,10.96,0.0,0.0,4.11,0.0,0.0,0,1.37,0.0,0.0,0.0,0.0,0.0,0.0,0.0,0.0,0.0,0.0,0.0,0.0,0.0,0.0,91.69,0.9575946334489991,3.07,0.8393920068027209,-0.07457540800046,43.422368207659396,6.42,0,10.614,1.0038493271991802,0,8.0
2.47,66.08,10.31,0.0,0.0,0.0,0.0,0.0,7.73,0.0,0.0,0.0,0,1.03,1.03,0.0,0.0,1.03,0.0,0.0,0.0,0.0,0.0,0.0,0.0,0.0,0.0,10.31,2.7,0.9676726649087579,3.13,0.21878543083900198,-0.192361735534093,33.5351036707398,6.0,0,2.574,0.9687653336446709,0,28.0
1.0,31.0,35.0,31.0,0.0,0.0,0.0,0.0,0.0,0.0,0.0,0.0,0,2.0,0.0,0.0,0.0,0.0,0.0,0.0,0.0,0.0,0.0,0.0,0.0,0.0,0.0,0.0,37.69,0.9014313302723691,4.01,0.310763888888889,-0.065887440942106,43.1030000826016,10.0,0,2.592,1.03554319861572,0,22.67
37.45,14.98,41.2,0.0,0.0,0.0,0.0,0.0,0.0,3.75,0.0,0.0,0,1.12,1.5,0.0,0.0,0.0,0.0,0.0,0.0,0.0,0.0,0.0,0.0,0.0,0.0,0.0,40.79,0.9676726649087579,4.39,0.21878543083900198,-0.192361735534093,33.5351036707398,6.0,0,2.574,0.9687653336446709,0,28.0
7.52,28.95,0.0,0.0,56.39,0.0,0.0,0.0,2.07,0.0,0.0,0.0,0,0.94,0.0,0.0,0.0,0.0,0.0,0.0,0.0,0.0,0.0,0.0,4.14,0.0,0.0,0.0,35.69,1.18607147721651,5.18,0.428819444444445,-0.16715040826878302,30.3855225908032,12.0,0,5.083,1.18879196916599,0,54.0
4.21,66.84,15.79,0.0,0.0,0.0,0.0,0.0,7.89,0.0,3.16,0.0,0,1.05,1.05,0.0,0.0,0.0,0.0,0.0,0.0,0.0,0.0,0.0,0.0,0.0,0.0,0.0,24.0,0.8460834425545051,2.14,0.3125,-0.11747759982664399,55.3492557340954,12.0,0,2.602,1.0370825769533,0,7.4
11.59,32.61,42.75,0.0,0.0,0.0,0.0,0.0,10.87,0.0,0.0,0.0,0,0.0,1.09,1.09,0.0,0.0,0.0,0.0,0.0,0.0,0.0,0.0,0.0,0.0,0.0,0.0,27.94,0.957167844789598,2.78,0.282986111111111,-0.226978704269065,37.143602367451294,5.5,0,2.923,0.9018074925984709,0,18.5
